20
0.00 57.73 48.72 58.65 56.57 59.42 44.14 47.24 35.36 46.34 40.00 58.65 49.70 32.02 36.06 47.17 53.85 58.31 49.21 40.31
57.73 0.00 12.17 9.85 43.01 26.40 48.50 52.20 89.44 65.05 64.03 9.85 46.04 88.26 65.05 52.20 50.99 26.40 46.04 65.05
48.72 12.17 0.00 15.23 43.01 26.40 40.31 44.72 80.62 57.73 56.57 15.23 40.31 78.10 57.73 44.72 43.01 26.40 40.31 57.73
58.65 9.85 15.23 0.00 48.08 31.30 53.85 57.73 94.34 70.00 69.46 0.00 50.99 93.41 70.00 57.73 56.57 31.30 50.99 70.00
56.57 43.01 43.01 48.08 0.00 16.40 44.14 48.72 47.17 30.00 24.08 48.08 13.00 46.10 30.00 48.72 47.17 16.40 13.00 30.00
59.42 26.40 26.40 31.30 16.40 0.00 58.31 62.65 60.21 43.01 37.96 31.30 26.93 59.90 43.01 62.65 61.24 0.00 26.93 43.01
44.14 48.50 40.31 53.85 44.14 58.31 0.00 7.62 40.00 26.93 20.62 53.85 44.72 35.36 26.93 7.62 9.22 58.31 44.72 26.93
47.24 52.20 44.72 57.73 48.72 62.65 7.62 0.00 43.01 30.00 24.08 57.73 48.72 37.96 30.00 0.00 13.00 62.65 48.72 30.00
35.36 89.44 80.62 94.34 47.17 60.21 40.00 43.01 0.00 16.40 20.62 94.34 50.99 12.17 16.40 43.01 44.14 60.21 50.99 16.40
46.34 65.05 57.73 70.00 30.00 43.01 26.93 30.00 16.40 0.00 7.62 70.00 34.93 20.00 0.00 30.00 31.30 43.01 34.93 0.00
40.00 64.03 56.57 69.46 24.08 37.96 20.62 24.08 20.62 7.62 0.00 69.46 30.00 24.08 7.62 24.08 26.40 37.96 30.00 7.62
58.65 9.85 15.23 0.00 48.08 31.30 53.85 57.73 94.34 70.00 69.46 0.00 50.99 93.41 70.00 57.73 56.57 31.30 50.99 70.00
49.70 46.04 40.31 50.99 13.00 26.93 44.72 48.72 50.99 34.93 30.00 50.99 0.00 49.49 34.93 48.72 47.17 26.93 0.00 34.93
32.02 88.26 78.10 93.41 46.10 59.90 35.36 37.96 12.17 20.00 24.08 93.41 49.49 0.00 20.00 37.96 40.00 59.90 49.49 20.00
36.06 65.05 57.73 70.00 30.00 43.01 26.93 30.00 16.40 0.00 7.62 70.00 34.93 20.00 0.00 30.00 31.30 43.01 34.93 0.00
47.24 52.20 44.72 57.73 48.72 62.65 7.62 0.00 43.01 30.00 24.08 57.73 48.72 37.96 30.00 0.00 13.00 62.65 48.72 30.00
53.85 50.99 43.01 56.57 47.17 61.24 9.22 13.00 44.14 31.30 26.40 56.57 47.17 40.00 31.30 13.00 0.00 61.24 47.17 31.30
59.42 26.40 26.40 31.30 16.40 0.00 58.31 62.65 60.21 43.01 37.96 31.30 26.93 59.90 43.01 62.65 61.24 0.00 26.93 43.01
49.70 46.04 40.31 50.99 13.00 26.93 44.72 48.72 50.99 34.93 30.00 50.99 0.00 49.49 34.93 48.72 47.17 26.93 0.00 34.93
40.31 65.05 57.73 70.00 30.00 43.01 26.93 30.00 16.40 0.00 7.62 70.00 34.93 20.00 0.00 30.00 31.30 43.01 34.93 0.00
0 0 1236
1 455 0 725
2 455 0 525
3 455 0 625
4 455 0 825
5 455 0 925
6 455 0 1025
7 455 0 1125
8 455 0 1225
9 455 0 1425
10 455 0 1525
11 455 0 1625
12 455 0 1725
13 455 0 1825
14 455 0 1925
15 455 0 2025
16 455 0 2125
17 455 0 2225
18 455 0 2325
19 455 0 2425
